params w:9000 t:10
17.7121 2.0297
39.8523 2.2916
59.7785 2.5535
79.7047 2.9464
99.6309 3.2083
119.5571 3.6011
140.0369 3.9940
159.9630 4.4523
179.8892 4.9761
199.8154 5.5654
219.7416 6.2857
239.6678 7.2023
260.1476 8.1845
280.0738 9.2976
287.8228 9.8214
params w:9000 t:15
18.2656 2.6190
39.8523 2.9464
59.7785 3.3392
79.7047 3.7321
99.6309 4.0595
119.5571 4.4523
140.0369 4.9761
159.9630 5.4345
179.8892 5.9583
199.8154 6.8095
219.7416 7.7916
240.2214 8.8392
260.1476 9.9523
280.0738 11.1309
287.8228 11.6547
params w:9000 t:20
18.2656 3.4047
39.8523 3.8630
59.7785 4.1904
79.7047 4.6488
100.1845 5.1071
120.1107 5.6309
140.0369 6.1547
159.9630 6.8095
179.8892 7.3988
200.3690 8.5119
219.7416 9.6904
240.2214 10.9345
260.1476 12.1785
280.0738 13.6845
287.8228 14.2738
params w:9000 t:25
18.2656 4.3869
39.8523 4.9761
59.7785 5.4345
79.7047 5.9583
100.1845 6.5476
120.6642 7.1369
140.0369 7.8571
159.9630 8.6428
179.8892 9.6904
199.8154 10.9345
219.7416 12.1785
240.2214 13.6845
259.5940 15.1904
280.0738 16.9583
287.8228 17.6785
params w:9000 t:30
18.2656 5.6964
39.8523 6.3511
59.7785 6.9404
79.7047 7.5952
99.6309 8.3154
120.1107 9.0357
140.0369 9.8869
159.9630 11.0000
179.8892 12.4404
199.8154 13.8809
219.7416 15.4523
240.2214 17.2857
259.5940 19.1190
280.0738 21.2797
287.8228 22.0654
params w:9000 t:35
18.2656 7.3333
39.8523 8.1190
59.7785 8.8392
79.7047 9.6904
100.1845 10.5416
119.5571 11.5892
140.0369 12.8333
159.9630 14.2738
179.8892 15.9107
200.3690 17.8095
220.2952 19.7738
239.6678 21.8690
260.1476 24.2261
279.5202 26.6488
287.8228 27.8273
params w:9000 t:40
18.2656 9.3630
39.8523 10.3452
59.7785 11.2619
79.7047 12.2440
100.1845 13.2916
119.5571 14.6011
140.0369 16.3035
159.9630 18.2023
180.4428 20.2321
199.8154 22.3928
219.7416 24.7500
240.2214 27.4345
260.1476 30.2500
280.0738 33.3928
287.8228 34.5714
params w:9000 t:45
17.7121 11.9166
39.8523 13.0297
59.7785 14.1428
79.7047 15.3869
100.1845 16.8273
120.6642 18.6607
140.0369 20.6904
159.9630 22.9821
179.8892 25.3392
199.8154 28.0238
219.7416 30.9047
240.2214 34.1130
260.1476 37.5178
280.0738 41.2500
287.8228 42.7559
params w:13000 t:10
17.5843 2.0112
39.9644 2.2507
60.2131 2.4901
80.4618 2.7295
100.1776 2.9690
119.8934 3.2084
140.1420 3.4957
159.8579 3.7830
180.1065 4.1183
199.8223 4.5971
220.0710 5.1239
240.3197 5.7943
260.0355 6.5126
280.2841 7.2788
287.7442 7.6140
params w:13000 t:15
18.1172 2.5859
40.4973 2.8732
60.2131 3.0647
80.4618 3.4000
100.1776 3.6394
119.8934 3.9267
140.1420 4.2619
159.8579 4.6450
180.1065 5.0281
199.8223 5.6028
220.0710 6.2732
240.3197 6.9915
260.0355 7.7577
280.2841 8.6676
284.0142 8.8591
params w:13000 t:20
18.1172 3.3521
39.9644 3.6394
60.2131 3.9746
79.9289 4.2619
100.1776 4.5971
119.8934 4.9323
140.1420 5.3633
159.8579 5.6985
180.1065 6.1774
199.8223 6.9436
220.0710 7.7577
240.3197 8.6197
260.0355 9.4816
287.7442 10.8225
params w:13000 t:25
18.1172 4.3098
39.9644 4.6450
60.2131 5.0281
80.4618 5.4112
100.1776 5.7943
119.8934 6.2253
140.1420 6.7042
159.8579 7.2788
180.1065 8.0450
199.8223 8.8591
220.0710 9.7211
239.7868 10.6788
260.0355 11.7323
287.7442 13.3126
params w:13000 t:30
18.1172 5.5070
39.9644 5.9859
60.2131 6.4169
80.4618 6.8957
100.1776 7.3746
119.8934 7.8535
140.1420 8.4281
159.8579 9.2422
180.1065 10.2478
199.8223 11.2056
220.0710 12.2112
240.3197 13.3605
260.5683 14.6535
288.2770 16.4732
params w:13000 t:35
18.1172 7.0394
39.9644 7.6619
60.2131 8.1887
80.4618 8.7633
100.1776 9.3380
119.8934 10.0563
140.1420 10.8704
159.8579 11.8760
180.1065 12.9774
199.8223 14.1746
220.0710 15.4197
239.7868 16.8084
260.0355 18.2450
288.2770 20.4957
params w:13000 t:40
17.5843 9.0028
40.4973 9.7211
61.2788 10.3915
80.9946 11.0619
100.1776 11.7323
119.8934 12.6422
140.1420 13.7915
159.8579 14.9887
179.5737 16.3295
200.3552 17.7661
220.0710 19.2985
240.3197 20.9267
260.0355 22.6507
288.2770 25.2845
params w:13000 t:45
18.1172 11.3971
39.9644 12.2112
60.2131 13.0253
80.4618 13.8873
99.6447 14.7971
119.8934 15.9943
140.1420 17.4309
159.8579 18.8676
180.1065 20.4478
199.8223 22.1239
220.0710 23.9915
240.3197 25.9070
260.0355 27.9183
279.7513 30.1211
287.7442 31.0309
params w:17000 t:10
18.1985 2.0321
40.2573 2.2014
60.1102 2.3708
79.9632 2.5401
99.8161 2.7941
120.2205 3.0058
140.0735 3.2598
159.9264 3.5138
179.7794 3.7255
200.1838 4.1065
220.0367 4.5722
239.8897 5.1226
260.2941 5.6729
287.8676 6.6043
params w:17000 t:15
18.1985 2.5401
40.2573 2.7518
60.1102 3.0058
79.9632 3.2175
99.8161 3.4715
119.6691 3.6832
140.0735 3.9795
159.9264 4.2335
179.7794 4.5299
200.1838 4.9956
220.0367 5.5459
240.4411 6.0963
260.2941 6.7313
287.8676 7.6627
params w:17000 t:20
18.1985 3.2598
40.2573 3.5138
60.1102 3.8102
79.9632 4.0642
99.8161 4.3182
120.2205 4.5722
140.0735 4.9109
159.9264 5.2072
180.3308 5.5459
200.1838 6.1810
220.0367 6.8160
239.8897 7.4510
260.2941 8.1708
287.8676 9.2291
params w:17000 t:25
18.1985 4.1912
40.2573 4.4875
60.1102 4.7839
79.9632 5.0802
100.3676 5.4189
119.6691 5.7153
140.0735 6.0963
159.9264 6.5620
179.7794 7.1547
200.1838 7.7897
220.0367 8.5094
239.8897 9.2291
260.2941 10.0335
287.8676 11.2189
params w:17000 t:30
18.1985 5.3766
40.2573 5.7576
60.1102 6.0963
79.9632 6.4773
100.3676 6.8583
120.2205 7.2394
140.0735 7.6627
159.9264 8.2978
180.3308 9.0598
200.7352 9.8218
219.4852 10.5839
240.4411 11.5153
260.2941 12.4467
287.8676 13.7591
params w:17000 t:35
18.1985 6.9430
40.2573 7.3664
60.1102 7.7897
80.5147 8.2554
99.8161 8.6788
119.6691 9.2291
140.0735 9.9065
159.9264 10.6262
180.3308 11.5153
200.1838 12.4043
220.0367 13.3781
239.8897 14.3941
260.2941 15.4525
287.8676 17.0613
params w:17000 t:40
18.1985 8.8058
40.2573 9.3562
60.1102 9.8642
79.9632 10.3722
100.3676 10.9226
120.2205 11.6423
140.0735 12.4890
159.9264 13.4627
179.7794 14.4364
199.6323 15.4948
219.4852 16.5956
239.3382 17.8233
259.7426 19.0510
287.8676 20.9562
params w:17000 t:45
18.1985 11.1766
40.2573 11.7693
60.1102 12.3620
79.9632 13.0394
99.8161 13.7591
119.6691 14.6905
140.0735 15.7489
159.9264 16.8919
179.7794 18.0350
200.1838 19.3474
219.4852 20.5751
239.8897 22.0145
259.1911 23.4540
287.8676 25.6554