0.0000 0.0000
0.0033 0.0151
0.0132 0.0403
0.0264 0.0756
0.0396 0.1160
0.0495 0.1463
0.0627 0.1816
0.0792 0.2295
0.0957 0.2800
0.1122 0.3254
0.1320 0.3834
0.1452 0.4213
0.1551 0.4440
0.1683 0.4743
0.1749 0.4944
0.1881 0.5197
0.2013 0.5474
0.2079 0.5626
0.2277 0.5928
0.2508 0.6256
0.2772 0.6559
0.3036 0.6811
0.3366 0.7089
0.3630 0.7316
0.3960 0.7568
0.4323 0.7846
0.4521 0.7972
0.4818 0.8098
0.5247 0.8275
0.5544 0.8401
0.5841 0.8527
0.6336 0.8729
0.6798 0.8905
0.7194 0.9057
0.7920 0.9334
0.8580 0.9561
0.9438 0.9839
0.9933 0.9990