0.0000 1.0000
0.1241 0.9996
0.2482 0.9992
0.4137 0.9987
0.5793 0.9982
0.7655 0.9976
0.9517 0.9971
1.2413 0.9964
1.4689 0.9959
1.7172 0.9953
1.9655 0.9948
2.2344 0.9942
2.5034 0.9936
2.7103 0.9932
3.0206 0.9926
3.3310 0.9920
3.6620 0.9914
3.9517 0.9909
4.2620 0.9903
4.5310 0.9899
4.7793 0.9895
5.1310 0.9890
5.5655 0.9885
5.8551 0.9881
6.2069 0.9878
6.5379 0.9875
6.8482 0.9872
7.1172 0.9870
7.4275 0.9867
7.9448 0.9864
8.3172 0.9861
8.6275 0.9860
8.9793 0.9858
9.4758 0.9856
9.8069 0.9855
10.0966 0.9854
10.3862 0.9854
10.7586 0.9853
11.0069 0.9852
11.2966 0.9852
11.5448 0.9851
12.0000 0.9850