-30.0000 1.0219
-27.9324 1.0219
-25.2742 1.0222
-22.3206 1.0225
-20.2531 1.0225
-17.8902 1.0225
-15.2320 1.0225
-12.8691 1.0225
-10.2109 1.0222
-7.8481 1.0219
-5.1898 1.0216
-2.8270 1.0210
-0.1687 1.0199
2.4894 1.0173
4.8523 1.0147
6.3291 1.0127
8.1012 1.0101
9.8734 1.0078
11.9409 1.0049
13.1223 1.0029
14.8945 0.9998
16.6666 0.9969
17.8481 0.9949
19.0295 0.9929
19.9156 0.9908
20.5063 0.9900
21.9831 0.9874
23.1645 0.9848
24.6413 0.9822
25.8227 0.9799
27.0042 0.9773
28.1856 0.9747
29.6624 0.9719
29.9578 0.9710
30.5485 0.9699
31.7299 0.9676
32.9113 0.9650
34.0928 0.9627
34.9789 0.9604
36.4556 0.9572
37.3417 0.9549
38.5232 0.9523
39.7046 0.9497