-29.6902 0.9731
-28.7610 0.9733
-27.5221 0.9738
-26.5929 0.9740
-25.0442 0.9744
-24.1150 0.9749
-23.1858 0.9751
-21.6371 0.9758
-20.0884 0.9764
-18.5398 0.9771
-16.3716 0.9780
-14.8230 0.9787
-13.2743 0.9793
-11.7256 0.9800
-11.1061 0.9805
-9.8672 0.9811
-8.6283 0.9818
-7.3893 0.9825
-6.1504 0.9831
-4.9115 0.9840
-3.3628 0.9849
-1.8141 0.9858
-1.73008 0.9776
-0.8849 0.9865
0.0442 0.9872
0.9734 0.9878
2.2123 0.9887
4.0707 0.9901
5.3097 0.9912
6.2389 0.9919
7.1681 0.9925
7.7876 0.9932
8.7168 0.9941
9.9557 0.9950
10.8849 0.9961
11.8141 0.9968
12.4336 0.9975
13.3628 0.9984
14.2920 0.9992
15.2212 1.0001
16.7699 1.0017
17.6991 1.0026
18.6283 1.0037
19.8672 1.0051
20.1769 1.0055
21.1061 1.0064
22.0353 1.0075
22.9646 1.0089
23.8938 1.0100
25.1327 1.0113
26.0619 1.0124
26.9911 1.0138
27.9203 1.0149
29.1592 1.0165
30.0884 1.0178
31.0176 1.0189
31.6371 1.0200
32.5663 1.0214
33.4955 1.0225
34.1150 1.0234
35.0442 1.0250
35.9734 1.0263
36.5929 1.0272
37.5221 1.0285
38.1415 1.0299
39.0707 1.0312
40.0000 1.0326