params w:9000 t:10
17.9104 7.0315
180.2238 12.4234
217.6417 14.4729
287.6865 19.1711
params w:9000 t:15
17.9104 6.0540
178.5447 11.0045
288.2462 17.7207
params w:9000 t:20
17.3507 5.3288
179.1044 10.0585
207.6492 12.0135
288.2462 16.7747
params w:9000 t:25
17.3507 4.7612
144.4029 8.3243
186.3805 10.5000
287.1268 16.2387
params w:9000 t:30
17.3507 4.2882
143.8432 7.8513
174.6268 9.8063
287.1268 16.1126
params w:9000 t:35
17.9104 4.0045
109.1417 6.5585
133.2089 7.5675
286.5671 16.0495
params w:9000 t:40
17.3507 3.5945
109.7014 6.2432
286.5671 16.0495
params w:9000 t:45
17.3507 3.2162
72.7611 4.7927
106.9029 6.0855
286.5671 16.0180
params w:13000 t:10
17.9673 7.1034
180.2177 12.5172
215.0635 14.4827
288.0217 19.3793
params w:13000 t:15
17.9673 6.0000
181.3067 10.9655
288.0217 17.5172
params w:13000 t:20
17.9673 5.1379
180.2177 9.7241
213.9745 12.0000
283.6660 15.9655
params w:13000 t:25
17.9673 4.4827
142.6497 7.7931
187.8402 9.9310
287.4773 15.2413
params w:13000 t:30
17.9673 3.9310
143.1941 7.1379
194.3738 9.8965
288.0217 14.6551
params w:13000 t:35
17.4228 3.4827
108.3484 5.7586
145.9165 7.2068
288.0217 14.3448
params w:13000 t:40
17.9673 3.0689
107.8039 5.2758
288.0217 14.0000
params w:13000 t:45
17.9673 2.6551
70.7803 3.9310
106.1705 5.0000
288.0217 13.6551
params w:17000 t:10
17.4863 7.0608
179.2349 12.4869
215.8469 14.4695
287.4316 19.2695
params w:17000 t:15
17.4863 5.8782
179.2349 10.6782
287.4316 17.1478
params w:17000 t:20
17.4863 4.9739
180.3278 9.3913
215.3005 11.7217
287.4316 15.5478
params w:17000 t:25
17.4863 4.2782
144.8087 7.4782
192.3497 9.6695
287.4316 14.4695
params w:17000 t:30
17.4863 3.6869
144.8087 6.7130
189.6174 9.0086
287.4316 13.6347
params w:17000 t:35
17.4863 3.2347
107.6502 5.2869
145.3551 6.6434
287.4316 13.0782
params w:17000 t:40
17.4863 2.7826
106.5573 4.7304
287.9781 12.5217
params w:17000 t:45
17.4863 2.3652
74.3169 3.5478
107.6502 4.5217
287.9781 11.9652